1139,1871,1796,1710,1605,1624,2002,1583,2079,1884,1690,1693,1791,1987,1909,1841,2020,1724,1895,1697,1488,1705,1715,1594,1794,1592,1593,1821,1557,1797,1676,1744,1494,1877,1697,1599,1287,1497,1464,1583,1602,1699,1160,1466,1475,1386,1405,1412,1701,1605,1244,1230,1382,1298,1599,1599,1491,1690,1139,1487,1257,1485,1584,1237,
1139,1871,1796,1710,1605,1624,2002,1583,1083,1884,1690,1693,1791,1987,1909,1841,2020,1724,1895,1697,1488,1698,1718,1598,1796,1485,1694,1906,1461,1791,1680,1651,1595,1594,1238,1137,1134,1144,1497,1585,1488,1688,1386,1488,1385,1485,1408,1808,1646,1643,1146,1469,1483,1388,1485,1489,1180,1696,1156,1083,1115,1153,1490,1494,
1139,1871,1796,1710,1605,1624,2002,1583,1083,1884,1690,1693,1791,1987,1909,1841,1043,1724,1895,1697,1483,1698,1723,1593,1708,1475,1694,1906,1560,1795,1689,1560,1182,1043,1379,1599,1300,1416,1075,1181,1177,1555,1060,1132,1469,1481,1083,1314,1467,1164,1475,1475,1069,1215,1274,1475,1164,1182,1557,1060,1481,1475,1699,1613,
1139,1871,1796,1710,1605,1624,1034,1583,1083,1884,1690,1693,1791,1987,1909,1841,1043,1724,1895,1697,1588,1693,1720,1593,1709,1470,1692,1893,1556,1886,1690,1650,1038,1172,1290,1557,1581,1581,1235,1269,1037,1123,1599,1700,1135,1237,1478,1280,1677,1040,1470,1470,1092,1556,1583,1583,1294,1180,1143,1494,1036,1034,1161,1480,
1139,1871,1796,1710,1605,1624,1034,1583,1083,1884,1690,1693,1791,1010,1909,1841,1043,1724,1895,1697,1675,1695,1708,1612,1714,1471,1692,1977,1554,1770,1693,1639,1227,1253,1138,1055,1083,1474,1376,1150,1053,1135,1030,1198,1023,1083,1014,1231,1471,1077,1471,1077,1474,1051,1023,1083,1013,1122,1023,1083,1030,1010,1023,1083,
1139,1871,1796,1710,1605,1624,1034,1583,1083,1884,1690,1693,1791,1010,1909,1841,1043,1724,1895,1697,2071,1597,2102,1718,1620,1702,1592,1979,1340,1871,1002,1638,1167,1232,1122,1250,1287,1086,1352,1147,1020,1010,1002,1096,1311,1605,1088,1083,1020,1010,1690,1784,1686,1680,1092,1043,1499,1386,1057,1624,1096,1120,1088,1083,
1139,1871,1796,1710,1605,1624,1034,1583,1083,1884,1690,1693,1791,1010,1909,1841,1043,1724,1895,1697,1012,1503,2001,1616,1623,1701,1689,1884,1348,1888,1111,1546,1516,1688,1020,1027,1099,1278,1096,1099,1391,1380,1041,1045,1140,1258,1031,1034,1076,1474,1012,1016,1609,1151,1106,1019,1084,1117,1348,1125,1129,1096,1032,1114,
1139,1871,1796,1710,1605,1624,1034,1583,1083,1884,1690,1693,1791,1010,1909,1841,1043,1724,1895,1697,1110,1489,993,1708,1616,1704,1889,1992,1333,1987,1223,1552,1379,1081,1153,1023,1027,1025,993,1115,1122,1010,1110,1010,1103,1005,1152,1083,1035,1019,1008,1021,1008,1021,1008,1021,1008,1021,1235,1010,1507,1511,1032,1034,
1139,1871,1796,1710,1605,1624,1034,1583,1083,1884,1690,1693,1791,1010,1909,1841,1043,1724,1895,1697,1110,2085,1092,1605,1616,1908,1889,1006,1529,1991,1427,1858,1108,1095,1112,1013,1104,1325,1031,1034,1010,1089,1249,1103,1104,1006,1249,1103,1104,1006,1249,1103,1104,1006,1249,1103,1104,1006,1249,1103,1104,1006,1249,1103,
1139,1871,1796,1710,1605,1624,1034,1583,1083,1884,1690,1693,1791,1010,1909,1841,1043,1724,1895,1697,1110,1011,1092,1602,1616,1812,1889,1007,1529,1991,1427,1752,1113,1223,1570,1103,1118,1239,1249,1103,1112,1215,1249,1094,1427,1097,1249,1094,1427,1097,1249,1094,1427,1097,1249,1094,1427,1097,1162,1011,1427,1097,1162,1082,
1139,1871,1796,1710,1605,1624,1034,1583,1083,1884,1690,1693,1791,1010,1909,1841,1043,1724,1895,1697,1438,1025,1217,1602,1616,1511,992,1007,1636,1986,1557,1846,1113,1235,1108,1076,1126,1254,1250,1244,998,992,1320,1188,1111,1239,1007,998,1021,1026,1140,1226,999,992,1333,1206,1003,999,1112,1233,999,1005,1112,1042,
1139,1871,1796,1710,1605,1624,1034,1583,1083,1884,1690,1693,1791,1010,1909,1841,1043,1724,1895,1697,1860,1342,1535,1595,1717,1814,1233,1026,1842,1882,1492,1012,1112,1240,1134,1252,1491,1772,1136,1122,1480,1584,1062,1690,1021,1026,1025,1357,1025,1462,1012,1163,1012,1034,1021,1026,1033,1457,1012,1164,1019,1015,1034,1026,
1139,1871,1796,1710,1605,1624,1034,1583,1083,1884,1690,1693,1791,1010,1007,1841,1043,1724,1895,1697,1767,1661,1346,1711,1719,1617,1439,1129,1740,1881,1509,1014,1131,1139,1161,1148,1201,1339,1577,1264,1011,1116,1012,1106,1479,1577,1040,1034,1135,1011,1212,1129,1017,1043,1033,1043,1034,1033,1084,1069,1132,1031,1009,1007,
1139,1871,1796,1710,1605,1624,1034,1583,1083,1884,1690,1693,1791,1010,1007,1841,1043,1724,998,1697,1587,1867,1245,1709,1705,1722,1438,1129,1740,1881,1509,1014,1122,1023,1238,1147,1019,998,1111,1007,1098,1001,1131,1001,1098,1010,1124,1043,1019,1043,1012,1007,1114,1005,1098,1001,1098,1001,1098,1001,1098,1010,1019,1043,
1139,1871,1796,1710,1605,1624,1034,1583,1083,1884,1690,1693,1791,1010,1007,1841,1043,1724,998,1697,1383,1667,1248,1709,1695,1726,1453,1139,1746,1001,1515,1016,1023,1122,1126,1011,1098,1017,1043,1033,1080,1043,1040,1029,1083,1056,1034,1033,1084,1069,1025,1015,1012,1012,1098,1001,1098,1001,1098,1001,1098,1001,1098,1001,
1139,1871,1796,1710,1605,1624,1034,1583,1083,1884,1690,1693,1791,1010,1007,1841,1043,1724,998,1697,1420,1567,1234,1720,985,1826,1456,1139,1841,1219,1515,1016,1098,1013,1133,1010,1097,1001,1107,1046,1019,1043,1012,1007,1114,1005,985,1008,998,998,1020,1245,1020,1245,1020,1245,1020,1245,1020,1251,1020,1146,998,998,
1139,1871,1796,1710,1605,1624,1034,1583,1083,1884,1690,1693,1791,1010,1007,1841,1043,1724,998,1697,1431,1380,1443,1814,1186,1726,1464,1240,998,1320,1404,1022,1126,1480,1137,1371,1135,1343,1029,1258,1020,1245,1097,1019,1246,1105,1024,1009,998,1124,1038,1135,1034,1129,1038,1135,1010,1130,1238,1108,1032,1025,1121,1021,
1139,1871,1796,1710,1605,1624,1034,1583,1083,998,1690,1693,1791,1010,1007,1841,1043,1724,998,1697,1331,1382,1459,1726,1191,1728,1367,1246,1010,1325,1492,1242,1040,1254,1113,1209,1048,1062,1042,1018,1020,998,1021,1172,1134,1119,1020,998,1281,1259,1031,1009,998,998,1281,1149,1048,1123,1237,1287,1020,1146,998,998,
1139,998,1796,1710,1605,1624,1034,1583,1083,998,1690,1693,1791,1010,1007,1841,1043,1724,998,1697,1320,1382,1651,1723,1191,1728,1373,1246,1117,1325,1492,1242,1285,1240,1009,1110,1107,1031,998,998,1275,1153,998,998,1097,1153,998,998,1004,1225,1238,1117,998,998,1000,1200,1240,1002,1231,1007,1009,998,1050,1148,
1139,998,1796,1710,1605,1624,1034,1583,1083,998,1690,1693,1791,1010,1007,997,1043,1724,998,1697,1622,1290,1554,1723,1297,1728,1373,1158,1117,1236,1492,1153,1198,1589,1107,1098,1209,1010,1035,1138,997,997,1013,1032,997,997,1013,1032,998,997,1003,1005,1013,1032,997,997,1005,1006,1003,1005,1013,1120,998,997,
1139,998,1796,1710,1605,1624,1034,1583,1083,998,1690,1693,1791,1010,1007,997,1043,1724,998,1697,997,1288,1462,1723,1302,1728,1472,1674,1117,1341,1493,1160,1124,1019,1022,1048,1032,1028,1024,1025,1013,1032,1004,1008,1013,1032,997,997,1013,1032,997,997,1003,1008,1013,1040,997,997,1007,1008,1003,1002,1013,1120,
1139,998,997,1710,1605,1624,1034,1583,1083,998,1690,1693,1791,1010,1007,997,1043,1724,998,1697,1435,1288,1463,1716,1324,1728,1472,1677,1117,1450,1702,1160,1003,997,1124,1014,1020,1009,1016,1007,997,997,1007,1005,1007,1005,1013,1040,997,997,1204,1214,998,998,1153,1160,998,998,1124,1218,1022,1103,1153,1160,
1139,998,997,1710,1605,1624,1034,1583,1083,998,1690,1693,997,1010,1007,997,1043,1724,998,1697,1435,1288,1463,1723,1324,1728,1472,1677,1117,1455,1702,1160,1001,997,1005,997,997,1000,998,998,1124,1231,998,998,997,997,997,997,997,997,998,998,997,997,998,998,997,997,998,998,997,997,997,997,
1139,998,997,1710,1605,1624,1034,1583,1083,998,1690,1693,997,1010,1007,997,1043,1724,998,1697,1444,1288,1463,1622,1332,997,1466,1677,1127,1646,1509,1160,1099,998,1109,998,1123,1236,1000,997,998,998,997,997,998,998,1124,1215,998,998,1109,1117,1227,1235,998,998,998,998,1124,1215,997,997,1124,1229,
1139,998,997,1710,1605,1624,1034,1583,1083,998,1690,1693,997,1010,1007,997,1043,997,998,1697,1343,1288,1463,1625,1332,1098,1466,1677,1223,1649,1503,1160,1002,1099,1113,1335,1000,1030,997,997,998,998,1124,1231,997,997,998,998,997,997,997,997,997,997,997,997,997,997,1108,1108,997,997,1014,1091,
1139,998,997,1710,1605,1624,1034,1583,1083,998,1690,1693,997,1010,1007,997,1043,997,998,1697,1560,1377,1463,1714,1332,1098,1466,995,1233,1649,1503,1267,1008,1035,1095,998,1018,1022,1367,1116,997,997,995,995,1140,1018,998,1016,1112,1124,998,998,1147,1147,998,998,1147,1147,995,998,1140,1021,997,997,
1139,998,997,1710,1605,1624,1034,1583,1083,998,1690,1693,997,1010,1007,997,1043,997,998,1697,1560,1377,1463,995,1332,1098,1466,995,1233,1649,1503,1267,995,995,998,998,997,997,995,995,995,995,998,998,997,997,995,995,995,995,995,995,995,995,995,995,995,995,995,995,995,995,995,995,
1139,998,997,995,1605,1624,1034,1583,1083,998,1690,1693,997,1010,1007,997,1043,997,998,1697,1560,1377,1463,995,1332,1098,1466,995,1233,1649,1503,1267,998,998,997,997,998,998,997,997,998,998,997,997,998,998,997,997,995,995,998,998,997,997,998,998,997,997,998,998,997,997,998,998,
1139,998,997,995,1605,1624,1034,1583,1083,998,1690,1693,997,1010,1007,997,1043,997,998,995,1560,1377,1463,995,1332,1098,1466,995,1233,1649,1503,1267,995,995,998,998,995,995,998,998,995,995,998,998,995,995,998,998,995,995,998,998,995,995,998,998,995,995,998,998,995,995,998,998,
1139,998,997,995,1605,1624,1034,1583,1083,998,1690,995,997,1010,1007,997,1043,997,998,995,1560,1377,1463,995,1332,1098,1466,995,1233,1649,1503,1267,995,1011,995,1011,995,1011,995,1011,995,1011,995,1011,995,1011,995,1011,995,1011,995,1011,995,1011,995,1011,995,1011,995,1011,995,1011,995,1011,
1139,998,997,995,1605,1624,1034,1583,1083,998,1690,995,997,1010,1007,997,1043,997,998,995,1455,1377,1463,1099,1332,1107,1562,995,1233,995,1503,1370,995,1004,1099,1091,995,1008,995,1008,995,1008,995,1008,995,1008,995,1008,995,1008,995,1008,995,1008,995,1008,995,1008,995,1008,995,1008,995,1008,
1139,998,997,995,1605,1624,1034,1583,1083,998,992,995,997,1010,1007,997,1043,997,998,995,1455,1377,1463,1099,1332,1107,1562,995,1233,995,1503,1370,992,1004,995,992,995,1008,995,1008,995,1008,995,1008,995,1008,995,1008,995,1008,995,1008,995,1008,995,1008,995,1008,995,1008,995,1008,995,1008,
1139,998,997,995,1605,995,1034,1583,1083,998,992,995,997,1010,1007,997,1043,997,998,995,1455,1377,1463,1099,1332,1107,1562,995,1233,995,1503,1370,995,995,995,995,997,997,995,995,995,995,995,995,995,995,995,995,995,995,995,995,995,995,995,995,995,995,995,995,995,995,995,995,
1139,998,997,995,995,995,1034,1583,1083,998,992,995,997,1010,1007,997,1043,997,998,995,1455,1377,1463,1099,1332,1107,1562,995,1233,995,1503,1370,995,995,995,995,995,995,995,995,995,995,995,995,995,995,995,995,995,995,995,995,995,995,995,995,995,995,995,995,995,995,995,995,
1139,998,997,995,995,995,1034,995,1083,998,992,995,997,1010,1007,997,1043,997,998,995,1455,1377,1463,1099,1332,1107,1562,995,1233,995,1503,1370,995,995,995,995,995,995,995,995,995,995,995,995,995,995,995,995,995,995,995,995,995,995,995,995,995,995,995,995,995,995,995,995,
1139,998,997,995,995,995,1034,995,1083,998,992,995,997,1010,1007,997,1043,997,998,995,1455,1377,1463,1099,1332,1107,995,995,1233,995,1503,1370,995,995,995,995,995,995,995,995,995,995,995,995,995,995,995,995,995,995,995,995,995,995,995,995,995,995,995,995,995,995,995,995,
1139,998,997,995,995,995,1034,995,1083,998,992,995,997,1010,1007,997,1043,997,998,995,1455,1377,1463,1099,1332,1107,995,995,1233,995,995,1370,995,995,995,995,995,995,995,995,995,995,995,995,995,995,995,995,995,995,995,995,995,995,995,995,995,995,995,995,995,995,995,995,
1139,998,997,995,995,995,1034,995,1083,998,992,995,997,1010,1007,997,1043,997,998,995,1455,1377,1463,1099,1332,1107,995,995,1233,995,995,1642,995,1103,997,1856,997,1197,997,1836,997,997,997,997,997,997,997,997,997,997,997,997,997,997,997,997,997,997,997,997,997,997,997,997,
1139,998,997,995,995,995,1034,995,1083,998,992,995,997,1010,1007,997,1043,997,998,995,1455,1377,1463,1099,1332,1107,995,995,1233,997,995,2146,997,2053,997,1105,997,1836,997,999,997,997,997,997,997,997,997,997,997,997,997,997,997,997,997,997,997,997,997,997,997,997,997,997,
1139,998,997,995,995,995,1034,995,1083,998,992,995,997,1010,1007,997,1043,997,998,995,1455,1377,1463,1099,1332,1107,995,995,1233,997,995,1642,997,1105,997,1856,997,1197,997,1836,997,997,997,997,997,997,997,997,997,997,997,997,997,997,997,997,997,997,997,997,997,997,997,997,
1139,998,997,995,995,995,1034,995,1083,998,992,995,997,1010,1007,997,1043,997,998,995,1455,1377,1463,1099,1332,1107,995,995,1233,997,995,2146,997,2053,997,1105,997,1836,997,999,997,997,997,997,997,997,997,997,997,997,997,997,997,997,997,997,997,997,997,997,997,997,997,997,
1139,998,997,995,995,995,1034,995,1083,998,992,995,997,1010,1007,997,1043,997,998,995,1455,1377,1463,1099,1332,1107,995,995,1233,997,995,1642,997,1105,997,1856,997,1197,997,1836,997,997,997,997,997,997,997,997,997,997,997,997,997,997,997,997,997,997,997,997,997,997,997,997,
1139,998,997,995,995,995,1034,995,1083,998,992,995,997,1010,1007,997,1043,997,998,995,1455,1377,992,1099,1332,1107,995,995,1233,1196,995,1440,997,1332,997,997,1100,999,1016,997,1100,992,997,997,1189,992,992,992,995,995,1100,992,997,997,1100,992,997,997,1189,992,992,992,995,995,
1139,998,997,995,995,995,1034,995,1083,998,992,995,997,1010,1007,997,1043,997,998,995,1455,1377,992,1099,1332,1107,995,995,1233,1196,995,1440,1189,1554,992,992,1087,999,1128,992,995,995,1103,992,1189,992,1103,992,1103,992,1100,992,1103,992,1100,992,1103,992,1189,992,1103,992,995,995,
1139,998,997,995,995,995,1034,995,1083,998,992,995,997,1010,1007,997,1043,997,998,995,1455,1377,992,1099,1332,1107,995,995,1233,1196,995,1440,995,1861,1103,992,1100,999,1134,997,1103,992,1100,992,1189,992,1189,992,1100,992,1100,992,1100,992,1100,992,1100,992,1189,992,1095,992,1094,992,
1139,998,997,995,995,995,1034,995,1083,998,992,995,997,1010,1007,997,1043,997,998,995,992,1377,992,1099,1332,1107,995,995,1233,1196,995,1440,995,995,1133,1117,1087,992,1094,992,995,995,992,1083,992,1083,992,1083,992,1083,992,1083,992,1083,992,1083,992,1083,992,1083,992,1083,992,1083,
1139,998,997,995,995,995,1034,995,1083,998,992,995,997,1010,1007,997,1043,997,998,995,992,1377,992,1099,1332,1107,995,995,1233,1196,995,1440,992,1083,1433,1519,992,1083,992,1083,992,1083,992,992,992,1083,992,1083,992,1083,992,1083,992,1083,992,1083,992,1083,992,1083,992,1083,992,1083,
1139,998,997,995,995,995,1034,995,1083,998,992,995,997,1010,1007,997,1043,997,998,995,1005,1378,992,1112,1332,1113,995,995,1233,1196,995,992,992,1083,1242,1396,992,992,992,1089,992,1083,992,1083,992,992,992,1083,992,1083,992,1083,992,1073,1007,1109,995,1202,995,1202,995,1209,1007,1105,
1139,998,997,995,995,995,1034,995,1083,998,992,995,997,1010,1007,997,1043,997,998,995,1449,995,997,1435,1335,1733,995,995,1233,1196,995,992,995,1211,1534,1199,995,1211,1004,1115,995,1202,995,1209,1007,1113,1004,1106,995,1202,995,1202,995,1202,995,1230,995,1209,1007,1109,995,1209,995,995,
1139,998,997,995,995,995,1034,995,1083,998,992,995,997,1010,1007,997,1043,997,998,995,1548,998,997,1336,995,1736,995,995,1233,1196,995,992,1007,1212,1020,1212,995,1209,1000,1001,1007,1109,995,1202,995,1230,995,1230,995,1209,1007,1109,995,1209,1007,1109,995,1209,995,995,1007,1105,995,1211,
1139,998,997,995,995,995,1034,995,1083,998,992,995,997,1010,1007,997,1043,997,998,995,1360,1116,997,1348,1002,995,995,995,1233,1196,995,992,995,1108,1130,1098,995,1209,1008,1116,995,1230,995,1209,1007,1109,995,1202,995,1209,995,995,1007,1109,995,1230,995,1209,1007,1113,995,1230,995,1209,
1139,998,997,995,995,995,1034,995,1083,998,992,995,997,1010,1007,997,1043,997,998,995,995,1115,1001,1352,1123,999,995,995,1233,1196,995,992,1010,1225,1015,1230,995,1212,1004,1001,1007,1109,995,1202,995,1230,995,1209,1007,1109,995,1211,995,995,1007,1109,995,1199,995,1230,995,1209,1007,1105,
1139,998,997,995,995,995,1034,995,1083,998,992,995,997,1010,1007,997,1043,997,998,995,1337,1435,1112,991,1113,1229,995,996,1233,1196,995,992,1101,1230,1124,1199,995,1205,1005,1331,995,995,1007,1109,995,1202,995,1199,995,1230,995,1202,995,1211,995,991,995,991,1215,991,995,991,995,991,
1139,998,997,995,995,995,1034,995,1083,998,992,995,997,1010,1007,997,1043,997,998,995,1337,991,1112,997,1113,1339,998,1127,1233,1196,995,992,1215,994,995,995,995,991,1004,991,1215,995,995,991,995,991,995,991,1215,991,995,991,995,991,1215,995,1224,1008,992,992,1215,995,991,995,
1139,998,997,995,995,995,1034,995,1083,998,992,995,997,1010,1007,997,1043,997,998,995,1359,1013,1112,1314,1134,991,1217,1155,1151,1219,1111,1220,1231,1010,1202,1236,1103,1234,999,994,991,991,991,995,1224,998,1101,1214,1103,1215,1221,1005,1101,1109,1226,1010,995,991,1215,995,1101,1112,1101,1217,
1139,998,997,995,995,995,1034,995,1083,998,992,995,997,1010,1007,997,1043,997,998,995,1674,1343,1212,991,1254,1212,1723,1576,1439,1336,1113,1138,1136,1302,1114,1351,1224,1008,1112,1240,1103,1216,1103,1216,997,993,1215,995,1221,1094,992,992,1215,995,995,991,1215,995,1221,998,1224,1016,1103,1219,
1139,998,997,995,995,995,1034,995,1083,998,992,995,997,1010,1007,997,1043,997,998,995,1470,1549,1220,1000,1263,1226,1945,991,1444,1336,1120,1149,998,998,1241,998,992,992,1223,1004,1221,1005,1101,1109,993,993,1101,1198,995,991,1215,995,1221,998,995,995,992,992,995,995,995,995,995,995,
1139,998,997,995,995,995,1034,995,1083,998,992,995,997,1010,1007,997,1043,997,998,995,1470,1549,1220,1000,1263,1226,992,991,1444,1336,1120,1149,992,992,992,992,995,995,992,992,995,995,995,995,992,992,992,992,992,992,992,992,995,995,995,995,992,992,992,992,992,992,992,992,
1139,998,997,995,995,995,1034,995,1083,998,992,995,997,1010,1007,997,1043,997,998,995,1470,992,1220,1000,1263,1226,992,991,1444,1336,1120,1149,992,992,992,992,992,992,992,992,992,992,992,992,992,992,992,992,992,992,992,992,992,992,992,992,992,992,992,992,992,992,992,992,
1139,998,997,995,995,995,1034,995,1083,998,992,995,997,1010,1007,997,1043,997,998,995,992,992,1220,1000,1263,1226,992,991,1444,1336,1120,1149,992,992,992,992,992,992,992,992,992,992,992,992,992,992,992,992,992,992,992,992,992,992,992,992,992,992,992,992,992,992,992,992,
1139,998,997,995,995,995,1034,995,1083,998,992,995,997,1010,1007,997,1043,997,998,995,992,993,1224,1001,1264,1225,992,994,992,1336,1120,1152,992,992,992,992,992,992,992,997,992,992,992,992,992,992,992,992,992,992,992,992,992,992,992,992,992,992,1090,992,1091,993,1091,993,
1139,998,997,995,995,995,1034,995,1083,998,992,995,997,1010,1007,997,1043,997,998,995,992,2423,2160,992,2291,2241,995,1921,992,1336,1134,1384,1090,992,1093,995,1090,992,1626,1205,1093,995,1090,992,1090,992,1093,995,1093,995,1093,995,1090,992,1090,992,1090,992,1090,992,1090,992,1090,992,
1139,998,997,995,995,995,1034,995,1083,998,992,995,997,1010,1007,997,1043,997,998,995,992,1626,2170,992,2096,1933,2122,1921,992,1338,1372,1393,1090,992,1090,992,1090,1517,1403,1242,1090,992,1090,992,1090,992,1090,992,1090,992,1090,992,1093,995,1090,992,1090,992,1090,992,1090,992,1090,992,
1139,998,997,995,995,995,1034,995,1083,998,992,995,997,1010,1007,997,1043,997,998,995,992,2423,992,2349,2203,2241,1931,1598,992,1250,1454,1495,1090,992,1090,992,1090,1418,1306,1328,1090,992,1090,992,1090,992,1090,992,1090,992,1090,992,1090,992,1093,995,1090,992,1090,992,1090,992,1090,992,
1139,998,997,995,995,995,1034,995,1083,998,992,995,997,1010,1007,997,1043,997,998,995,992,992,992,2349,2203,2241,1931,1598,992,1250,1454,1495,992,992,992,992,992,992,992,992,992,992,992,992,992,992,992,992,992,992,992,992,992,992,992,992,992,992,992,992,992,992,992,992,
1139,998,997,995,995,995,1034,995,1083,998,992,995,997,1010,1007,997,1043,997,998,995,992,1827,1619,991,1802,1732,1316,1613,992,1459,1653,1495,992,992,1090,991,1291,1319,1119,1111,1090,991,1090,991,1090,991,1090,991,1090,991,1090,991,1090,991,992,1011,992,1011,992,1011,992,1011,992,1011,
1139,998,997,995,995,995,1034,995,1083,998,992,995,997,1010,1007,997,1043,997,998,995,992,991,1331,991,1802,1732,1245,1862,992,1459,1653,1495,991,1010,991,1111,992,1239,1010,995,995,1115,995,995,995,1115,992,1112,995,995,995,1115,995,995,995,1115,992,1112,992,1112,992,1112,992,992,
1139,998,997,995,995,995,1034,995,1083,998,992,995,997,1010,1007,997,1043,997,998,995,992,1633,1641,991,1802,1732,1446,992,992,1459,1653,1495,995,995,995,1115,995,1135,1091,1115,995,995,1000,1115,995,995,995,1115,994,1112,992,1112,994,1112,992,1112,992,1112,992,1112,992,1112,992,992,
1139,998,997,995,995,995,1034,995,1083,998,992,995,997,1010,1007,997,1043,997,998,995,992,1749,1452,991,1802,1442,991,1008,992,1459,1653,1495,995,995,991,1111,1103,1335,1000,1111,994,1112,992,1112,993,1112,992,1112,992,1112,992,1112,992,1112,992,1112,995,995,995,1115,995,995,995,995,
1139,998,997,995,995,995,1034,995,1083,998,992,995,997,1010,1007,997,1043,997,998,995,992,992,1324,991,1802,1234,1013,1642,992,1459,1653,1495,993,1111,992,1112,1024,1112,1102,1112,995,995,992,992,992,992,992,992,992,992,992,992,995,1115,995,995,997,1115,992,1112,995,995,995,995,
1139,998,997,995,995,995,1034,995,1083,998,992,995,997,1010,1007,997,1043,997,998,995,992,1323,1741,991,1802,1233,1128,992,992,1459,1653,1495,995,995,992,992,1096,1136,1121,995,997,992,1000,1115,1001,995,994,1112,994,1112,994,1112,992,1112,994,1112,992,1112,995,995,992,992,995,995,
1139,998,997,995,995,995,1034,995,1083,998,992,995,997,1010,1007,997,1043,997,998,995,992,1548,1532,991,992,1238,1663,1008,992,1459,1653,1495,995,995,992,992,1095,1346,1001,995,993,1111,992,1112,993,1112,992,1112,992,1112,992,1112,992,1112,992,1112,992,1112,995,995,997,1111,998,1112,
1139,998,997,995,995,995,1034,995,1083,998,992,995,997,1010,1007,997,1043,997,998,995,992,1558,1323,1100,1004,1240,992,1331,992,1459,1653,1495,994,1122,993,1211,992,1112,1001,998,992,992,992,1112,1103,995,1100,992,992,1201,997,1206,997,1206,997,1206,997,1206,997,1206,992,1201,997,1206,
1139,998,997,995,995,995,1034,995,1083,998,992,995,997,1010,1007,997,1043,997,998,995,992,1558,1323,1100,1004,1240,992,1331,992,1459,992,1495,997,1206,997,1206,997,1206,997,1206,992,1201,992,1201,997,1206,997,1206,997,1206,997,1206,997,1206,997,1206,997,1206,997,1206,997,1206,997,1206,
1139,998,997,995,995,995,1034,995,1083,998,992,995,997,1010,1007,997,1043,997,998,995,992,997,1323,1100,1004,1240,992,1331,992,1459,992,1495,997,1206,997,1206,997,1206,997,1206,997,1206,997,1206,997,1206,997,1206,997,1206,997,1206,997,1206,997,1206,997,1206,997,1206,997,1206,997,1206,
1139,998,997,995,995,995,1034,995,1083,998,992,995,997,1010,1007,997,1043,997,998,995,992,997,1323,1100,1004,1240,992,1331,992,1459,992,992,997,1206,997,1206,997,1206,997,1206,997,1206,997,1206,997,1206,997,1206,997,1206,997,1206,997,997,992,992,992,992,992,992,992,992,992,992,
1139,998,997,995,995,995,1034,995,1083,998,992,995,997,1010,1007,997,1043,997,998,995,992,997,1323,1100,1004,1240,992,1331,992,992,992,992,992,992,992,992,992,992,992,992,992,992,992,992,992,992,992,992,992,992,992,992,992,992,992,992,992,992,992,992,992,992,992,992,
1139,998,997,995,995,995,1034,995,1083,998,992,995,997,1010,1007,997,1043,997,998,995,992,997,1323,1100,1004,1240,992,992,992,992,992,992,992,992,992,992,992,992,992,992,992,992,992,992,992,992,992,992,992,992,992,992,992,992,992,992,992,992,992,992,992,992,992,992,
1139,998,997,995,995,995,1034,995,1083,998,992,995,997,1010,1007,997,1043,997,998,995,992,997,992,1100,1004,1240,992,992,992,992,992,992,992,992,992,992,992,992,992,992,992,992,992,992,992,992,992,992,992,992,992,992,992,992,992,992,992,992,992,992,992,992,992,992,
1139,998,997,995,995,995,1034,995,1083,998,992,995,997,1010,1007,997,1043,997,998,995,992,997,992,1100,1004,992,992,992,992,992,992,992,992,992,992,992,992,992,992,992,992,992,992,992,992,992,992,992,992,992,992,992,992,992,992,992,992,992,992,992,992,992,992,992,
1139,998,997,995,995,995,1034,995,1083,998,992,995,997,1010,1007,997,1043,997,998,995,992,997,992,1100,1004,992,992,992,1309,992,992,992,1308,998,1209,1515,1316,1122,1209,992,995,1001,1209,992,995,1001,1209,992,995,1001,1209,992,995,1001,1209,992,995,1001,1209,992,995,1001,1209,992,
1139,998,997,995,995,995,1034,995,1083,998,992,995,997,1010,1007,997,1043,997,998,995,992,997,992,1100,1004,992,992,992,992,1094,1319,1092,1055,995,1110,1113,1103,1019,992,1005,1097,992,992,998,1097,992,992,998,1097,992,992,998,1082,992,992,998,1097,992,992,998,1097,992,992,998,
1139,998,997,995,995,995,1034,995,1083,998,992,995,997,1010,1007,997,1043,997,998,995,992,997,992,1100,1004,992,992,992,1508,1094,992,1194,1617,992,1100,1531,1125,1110,992,995,992,998,1097,992,992,998,1097,992,992,998,1097,992,992,998,1097,992,992,998,1097,992,992,998,1097,992,
1139,998,997,995,995,995,1034,995,1083,998,992,995,997,1010,1007,997,1043,997,998,995,992,997,992,1100,1004,992,992,992,992,1194,1311,1296,1118,1100,1208,1291,1284,1116,1100,1002,992,995,992,998,1097,992,992,998,1097,992,992,998,1082,992,992,998,1097,992,992,998,1097,992,992,998,
1139,998,997,995,995,995,1034,995,1083,998,992,995,997,1010,1007,997,1043,997,998,995,992,997,992,1100,1004,992,992,992,1514,1194,992,1388,1143,992,1083,1427,1226,1106,1085,1090,1100,995,992,995,992,998,1097,992,992,998,1097,992,992,998,1097,992,992,998,1097,992,992,998,1097,992,
1139,998,997,995,995,995,1034,995,1083,998,992,995,997,1010,1007,997,1043,997,998,995,992,997,992,1100,1004,992,992,992,992,1194,1094,1388,1092,998,1097,996,992,992,992,992,992,992,992,992,995,995,995,995,992,992,995,995,992,992,995,995,992,992,995,995,992,992,995,995,
1139,998,997,995,995,995,1034,995,1083,998,992,995,997,1010,1007,997,1043,997,998,995,992,997,992,1100,1004,992,992,992,992,1194,1094,992,992,992,995,995,992,992,992,992,992,992,992,992,992,992,992,992,992,992,992,992,992,992,992,992,992,992,992,992,992,992,992,992,
1139,998,997,995,995,995,1034,995,1083,998,992,995,997,1010,1007,997,1043,997,998,995,992,997,992,1100,1004,992,992,992,992,992,1094,992,992,992,992,992,992,992,992,992,992,992,992,992,992,992,992,992,992,992,992,992,992,992,992,992,992,992,992,992,992,992,992,992,
992,998,997,995,995,995,1034,995,1083,998,992,995,997,1010,1007,997,1043,997,998,995,992,997,992,1100,1004,992,992,992,992,992,1094,992,992,992,992,992,992,992,992,992,992,992,992,992,992,992,992,992,992,992,992,992,992,992,992,992,992,992,992,992,992,992,992,992,
992,998,997,995,995,995,1034,995,1083,998,992,995,997,1010,1007,997,1043,997,998,995,992,997,992,992,1004,992,992,992,992,992,1094,992,992,992,992,992,992,992,992,992,992,992,992,992,992,992,992,992,992,992,992,992,992,992,992,992,992,992,992,992,992,992,992,992,
992,998,997,995,995,995,1034,995,1083,998,992,995,997,1010,1007,997,1043,997,998,995,992,997,992,992,1004,992,992,992,992,992,1094,992,992,992,992,992,992,992,992,992,992,992,992,992,992,992,992,992,1095,992,1109,992,1206,995,992,992,992,992,992,992,992,992,992,992,
992,998,997,995,995,995,1034,995,1083,998,992,995,997,1010,1007,997,1043,997,998,995,1001,998,992,992,1004,992,992,992,992,992,992,992,992,992,992,992,992,992,992,992,992,992,992,992,992,992,992,992,992,992,992,992,992,992,992,992,992,992,999,998,992,992,992,992,
992,998,997,995,995,995,1034,995,1083,998,992,995,997,1010,1007,997,1043,997,998,995,1212,981,996,995,1007,992,1000,992,992,994,1000,992,999,998,1000,992,1000,992,999,998,992,992,992,992,999,998,992,992,992,992,992,992,992,992,992,992,981,1094,992,992,992,992,1023,992,
992,998,997,995,995,995,1034,995,1083,998,992,995,997,1010,1007,997,1043,997,998,995,1212,1195,996,995,1126,1110,1009,1098,984,1295,1000,1104,1002,992,1097,1104,1126,1095,1004,1018,995,995,1020,995,995,995,995,995,995,995,1215,992,995,1106,995,995,1017,992,992,992,984,997,992,1103,
992,998,997,995,995,995,1034,995,1083,998,992,995,997,1010,1007,997,1043,997,998,995,1222,1609,1005,1004,1533,1619,1101,1301,1099,984,1016,1209,1032,1296,1122,1006,1008,1005,1232,1091,995,995,1215,992,992,992,1096,1105,995,995,984,1096,992,1103,995,995,992,992,1007,1120,1026,995,995,995,
992,998,997,995,995,995,1034,995,1083,998,992,995,997,1010,1007,997,1043,997,998,995,1222,992,1005,1009,1635,1427,1114,1293,1119,1094,1203,1209,1089,1024,1417,1107,1007,1099,1043,1108,995,995,1006,992,997,997,1219,992,995,995,1001,992,992,992,995,995,1008,992,997,995,995,995,1215,992,
992,998,997,995,995,995,1034,995,1083,998,992,995,997,1010,1007,997,1043,997,998,995,1222,1211,1005,1009,992,1333,1203,1419,1119,1316,1210,1209,1095,1000,1019,1202,995,1001,995,1017,1215,992,1228,995,995,995,1017,992,992,992,995,995,995,995,1215,992,995,995,995,995,995,995,1023,992,
992,998,997,995,995,995,1034,995,1083,998,992,995,997,1010,1007,997,1043,997,998,995,1222,995,1005,1009,1099,1241,1300,1435,1221,1324,1311,1212,1125,1086,1003,998,997,1011,1215,1096,1020,995,1023,995,995,995,1023,997,996,995,995,995,1023,995,1002,995,1023,995,995,995,1023,995,995,995,
992,998,997,995,995,995,1034,995,1083,998,992,995,997,1010,1007,997,1043,997,998,995,1222,995,1005,1009,1099,1241,1300,995,1221,1324,1311,1212,1023,995,995,995,1023,1087,1002,995,1023,995,995,995,1023,995,995,995,999,998,995,995,1023,995,1023,995,995,995,1023,995,995,995,1023,995,
992,998,997,995,995,995,1034,995,1083,998,992,995,997,1010,1007,997,1043,997,998,995,1222,995,1005,1009,1099,1241,1300,995,1221,995,1311,1212,995,995,1023,995,995,1003,1023,995,995,995,1023,995,995,995,1023,995,1002,995,1023,995,995,995,1023,995,1023,995,995,995,1023,995,995,995,
